
ubuntu@anbox:~$ nvidia-smi stats -c 10 -f nvidia_stats.log


ubuntu@anbox:~$ nvidia-smi stats -i 0 -d encUtil -c 10
0, encUtil , 1616014681087487, 45
0, encUtil , 1616014681289633, 44
0, encUtil , 1616014681491809, 44
0, encUtil , 1616014681693963, 46
0, encUtil , 1616014681896010, 44
0, encUtil , 1616014682097539, 46
0, encUtil , 1616014682299436, 45
0, encUtil , 1616014682501406, 46
0, encUtil , 1616014682703336, 45
0, encUtil , 1616014682904964, 47
0, encUtil , 1616014683107092, 48
0, encUtil , 1616014683309298, 44
0, encUtil , 1616014683511262, 47
0, encUtil , 1616014683712900, 45
0, encUtil , 1616014683914628, 46
0, encUtil , 1616014684116713, 45
0, encUtil , 1616014684318130, 45
0, encUtil , 1616014684520024, 46
0, encUtil , 1616014684721682, 46
0, encUtil , 1616014684924130, 46
0, encUtil , 1616014685125703, 46
0, encUtil , 1616014685327411, 46
0, encUtil , 1616014685529398, 46
0, encUtil , 1616014685731688, 46
0, encUtil , 1616014685933959, 48
0, encUtil , 1616014685934347, 48
0, encUtil , 1616014686136250, 45
0, encUtil , 1616014686338085, 47
0, encUtil , 1616014686540714, 46
0, encUtil , 1616014686742634, 46
0, encUtil , 1616014686944912, 46
0, encUtil , 1616014687147445, 46
0, encUtil , 1616014687349233, 44
0, encUtil , 1616014687551472, 45
0, encUtil , 1616014687753663, 47
0, encUtil , 1616014687955499, 45
0, encUtil , 1616014688157577, 44
0, encUtil , 1616014688359466, 47
0, encUtil , 1616014688561251, 46
0, encUtil , 1616014688763527, 47
0, encUtil , 1616014688965491, 45
0, encUtil , 1616014689168112, 46
0, encUtil , 1616014689370088, 47
0, encUtil , 1616014689571940, 46
0, encUtil , 1616014689773887, 48
0, encUtil , 1616014689975631, 47
0, encUtil , 1616014690177317, 46
0, encUtil , 1616014690379295, 44
0, encUtil , 1616014690581133, 45
0, encUtil , 1616014690782885, 46
0, encUtil , 1616014690984527, 44

ubuntu@anbox:~$ nvidia-smi stats -i 0 -d gpuUtil -c 10
0, gpuUtil , 1616014835617265, 77
0, gpuUtil , 1616014835818364, 79
0, gpuUtil , 1616014836019406, 76
0, gpuUtil , 1616014836220267, 77
0, gpuUtil , 1616014836421351, 75
0, gpuUtil , 1616014836622321, 78
0, gpuUtil , 1616014836823449, 78
0, gpuUtil , 1616014837024496, 75
0, gpuUtil , 1616014837225608, 79
0, gpuUtil , 1616014837426513, 75
0, gpuUtil , 1616014837627536, 77
0, gpuUtil , 1616014837828673, 71
0, gpuUtil , 1616014838029665, 74
0, gpuUtil , 1616014838230632, 73
0, gpuUtil , 1616014838431644, 72
0, gpuUtil , 1616014838632716, 72
0, gpuUtil , 1616014838833820, 70
0, gpuUtil , 1616014839034892, 75
0, gpuUtil , 1616014839235977, 74
0, gpuUtil , 1616014839436887, 74
0, gpuUtil , 1616014839637929, 73
0, gpuUtil , 1616014839839225, 73
0, gpuUtil , 1616014840040224, 78
0, gpuUtil , 1616014840241148, 80
0, gpuUtil , 1616014840442009, 73
0, gpuUtil , 1616014840442282, 73
0, gpuUtil , 1616014840643071, 78
0, gpuUtil , 1616014840843914, 74
0, gpuUtil , 1616014841045017, 77
0, gpuUtil , 1616014841246027, 78
0, gpuUtil , 1616014841447052, 76
0, gpuUtil , 1616014841648402, 78
0, gpuUtil , 1616014841849394, 77
0, gpuUtil , 1616014842050443, 78
0, gpuUtil , 1616014842251353, 79
0, gpuUtil , 1616014842452805, 75
0, gpuUtil , 1616014842653767, 75
0, gpuUtil , 1616014842854709, 76
0, gpuUtil , 1616014843055671, 74
0, gpuUtil , 1616014843256729, 74
0, gpuUtil , 1616014843457786, 75
0, gpuUtil , 1616014843658798, 70
0, gpuUtil , 1616014843860023, 76
0, gpuUtil , 1616014844061206, 73
0, gpuUtil , 1616014844262094, 75
0, gpuUtil , 1616014844463305, 72
0, gpuUtil , 1616014844664372, 73
0, gpuUtil , 1616014844865504, 69
0, gpuUtil , 1616014845066645, 72
0, gpuUtil , 1616014845267717, 74
0, gpuUtil , 1616014845468664, 70
